0 0.005469 0.892578 0.003125 0.893555 0.000000 0.894531 0.000000 0.965820 0.002344 0.965820 0.007031 0.963867 0.011719 0.961914 0.014063 0.960938 0.018750 0.956055 0.021094 0.955078 0.023438 0.954102 0.029687 0.954102 0.032031 0.952148 0.034375 0.952148 0.036719 0.951172 0.043750 0.947266 0.045312 0.946289 0.050000 0.941406 0.051562 0.940430 0.053125 0.939453 0.055469 0.938477 0.060937 0.938477 0.064844 0.936523 0.067969 0.935547 0.070312 0.932617 0.071875 0.931641 0.075781 0.930664 0.078125 0.928711 0.080469 0.925781 0.082031 0.924805 0.084375 0.924805 0.086719 0.922852 0.091406 0.922852 0.094531 0.919922 0.096094 0.918945 0.098437 0.918945 0.100000 0.917969 0.103906 0.915039 0.107813 0.912109 0.109375 0.908203 0.109375 0.906250 0.108594 0.904297 0.104688 0.903320 0.103125 0.903320 0.098437 0.904297 0.089063 0.902344 0.084375 0.903320 0.082812 0.903320 0.079687 0.901367 0.072656 0.901367 0.065625 0.899414 0.050000 0.899414 0.039062 0.896484 0.032813 0.895508 0.023438 0.895508 0.017188 0.893555 0.007031 0.892578 0.005469 0.892578
0 0.220312 0.819336 0.219531 0.822266 0.221094 0.822266 0.220312 0.819336
0 0.198437 0.816406 0.197656 0.817383 0.196094 0.817383 0.196875 0.819336 0.198437 0.819336 0.203125 0.817383 0.198437 0.816406
0 0.251563 0.813477 0.251563 0.818359 0.253125 0.817383 0.253125 0.813477 0.251563 0.813477
0 0.025000 0.812500 0.022656 0.813477 0.017969 0.816406 0.013281 0.817383 0.010937 0.818359 0.009375 0.819336 0.006250 0.822266 0.004687 0.823242 0.002344 0.823242 0.001563 0.824219 0.000000 0.824219 0.000000 0.875000 0.001563 0.875977 0.011719 0.875977 0.017188 0.879883 0.022656 0.880859 0.030469 0.881836 0.043750 0.881836 0.048438 0.884766 0.061719 0.885742 0.083594 0.885742 0.085938 0.884766 0.086719 0.883789 0.088281 0.883789 0.086719 0.882812 0.085156 0.881836 0.082812 0.880859 0.082031 0.876953 0.078906 0.874023 0.077344 0.871094 0.076563 0.868164 0.075781 0.866211 0.075000 0.865234 0.073438 0.864258 0.071875 0.864258 0.070312 0.862305 0.068750 0.861328 0.064844 0.861328 0.063281 0.860352 0.061719 0.859375 0.059375 0.856445 0.057813 0.855469 0.056250 0.855469 0.054688 0.854492 0.046875 0.844727 0.044531 0.840820 0.042969 0.835938 0.040625 0.833008 0.039844 0.831055 0.039062 0.829102 0.038281 0.823242 0.037500 0.820312 0.036719 0.818359 0.035937 0.816406 0.032031 0.814453 0.030469 0.812500 0.028906 0.811523 0.025000 0.812500
0 0.239063 0.793945 0.235937 0.796875 0.235937 0.803711 0.240625 0.796875 0.240625 0.793945 0.239063 0.793945
0 0.222656 0.793945 0.223438 0.795898 0.225781 0.793945 0.222656 0.793945
0 0.198437 0.792969 0.197656 0.793945 0.196094 0.794922 0.197656 0.794922 0.198437 0.795898 0.201563 0.792969 0.198437 0.792969
0 0.235156 0.789062 0.235937 0.791992 0.236719 0.789062 0.235156 0.789062
0 0.219531 0.791016 0.221094 0.791016 0.221094 0.789062 0.219531 0.791016
0 0.293750 0.786133 0.292187 0.787109 0.287500 0.791992 0.285938 0.791992 0.284375 0.790039 0.282031 0.790039 0.279687 0.792969 0.277344 0.792969 0.275781 0.793945 0.272656 0.797852 0.271094 0.798828 0.267188 0.798828 0.268750 0.801758 0.267188 0.803711 0.266406 0.803711 0.265625 0.804688 0.264844 0.807617 0.261719 0.810547 0.264844 0.810547 0.266406 0.808594 0.268750 0.808594 0.268750 0.805664 0.271094 0.802734 0.272656 0.803711 0.273438 0.804688 0.273438 0.805664 0.275781 0.806641 0.277344 0.803711 0.278906 0.802734 0.283594 0.802734 0.285156 0.801758 0.289844 0.795898 0.294531 0.795898 0.296094 0.794922 0.296094 0.792969 0.292969 0.791992 0.292969 0.787109 0.295312 0.786133 0.293750 0.786133
0 0.224219 0.785156 0.223438 0.787109 0.225781 0.787109 0.227344 0.789062 0.227344 0.791016 0.228906 0.791016 0.228906 0.789062 0.230469 0.787109 0.232813 0.786133 0.228125 0.787109 0.224219 0.785156
0 0.229687 0.778320 0.230469 0.780273 0.232813 0.780273 0.232813 0.778320 0.229687 0.778320
0 0.357031 0.756836 0.354687 0.759766 0.353906 0.759766 0.351562 0.762695 0.350781 0.765625 0.349219 0.767578 0.345313 0.769531 0.339844 0.776367 0.337500 0.778320 0.331250 0.781250 0.326562 0.785156 0.321875 0.787109 0.320312 0.788086 0.317969 0.791016 0.316406 0.791992 0.314063 0.791992 0.312500 0.792969 0.306250 0.799805 0.302344 0.802734 0.297656 0.804688 0.297656 0.805664 0.296094 0.807617 0.293750 0.809570 0.292187 0.810547 0.287500 0.811523 0.285938 0.812500 0.284375 0.814453 0.282813 0.815430 0.280469 0.815430 0.278125 0.816406 0.274219 0.819336 0.271094 0.823242 0.266406 0.824219 0.264844 0.825195 0.259375 0.830078 0.254688 0.833008 0.251563 0.833008 0.250781 0.833984 0.248438 0.833984 0.247656 0.836914 0.243750 0.837891 0.241406 0.839844 0.239063 0.839844 0.236719 0.840820 0.235156 0.841797 0.228125 0.846680 0.223438 0.851562 0.219531 0.853516 0.215625 0.858398 0.212500 0.858398 0.210156 0.859375 0.207813 0.862305 0.205469 0.863281 0.201563 0.864258 0.200000 0.865234 0.194531 0.871094 0.192969 0.872070 0.191406 0.873047 0.188281 0.874023 0.185156 0.875977 0.181250 0.878906 0.177344 0.883789 0.175781 0.884766 0.174219 0.884766 0.172656 0.885742 0.169531 0.889648 0.166406 0.890625 0.161719 0.894531 0.157031 0.896484 0.155469 0.897461 0.153125 0.900391 0.151562 0.901367 0.144531 0.904297 0.129688 0.914062 0.127344 0.914062 0.125781 0.915039 0.121875 0.919922 0.116406 0.920898 0.113281 0.922852 0.108594 0.925781 0.103125 0.929688 0.100781 0.932617 0.099219 0.933594 0.096094 0.933594 0.093750 0.935547 0.089063 0.936523 0.086719 0.937500 0.082812 0.941406 0.080469 0.942383 0.078125 0.942383 0.076563 0.943359 0.075000 0.945312 0.071094 0.946289 0.068750 0.949219 0.065625 0.950195 0.059375 0.952148 0.055469 0.954102 0.053906 0.956055 0.052344 0.957031 0.050000 0.958008 0.047656 0.958008 0.042188 0.961914 0.036719 0.964844 0.032813 0.964844 0.028125 0.967773 0.025000 0.967773 0.022656 0.968750 0.018750 0.971680 0.014844 0.972656 0.010937 0.974609 0.009375 0.975586 0.006250 0.978516 0.004687 0.979492 0.002344 0.980469 0.000000 0.980469 0.000000 0.994141 0.001563 0.995117 0.004687 0.996094 0.125781 0.996094 0.130469 0.994141 0.130469 0.987305 0.132812 0.976562 0.134375 0.973633 0.134375 0.970703 0.137500 0.966797 0.138281 0.964844 0.139063 0.962891 0.139844 0.958984 0.139844 0.954102 0.142187 0.950195 0.142187 0.945312 0.143750 0.942383 0.149219 0.934570 0.150000 0.931641 0.152344 0.928711 0.153125 0.928711 0.154688 0.926758 0.156250 0.923828 0.156250 0.922852 0.157031 0.921875 0.158594 0.920898 0.160938 0.920898 0.162500 0.919922 0.164844 0.916992 0.166406 0.916016 0.168750 0.915039 0.171094 0.914062 0.174219 0.913086 0.182812 0.912109 0.185938 0.911133 0.187500 0.909180 0.189062 0.908203 0.192188 0.907227 0.200000 0.906250 0.211719 0.906250 0.215625 0.908203 0.217969 0.914062 0.220312 0.916992 0.224219 0.918945 0.228125 0.919922 0.232031 0.919922 0.236719 0.921875 0.239844 0.922852 0.242969 0.926758 0.247656 0.933594 0.250000 0.937500 0.252344 0.943359 0.252344 0.946289 0.253906 0.949219 0.255469 0.956055 0.256250 0.963867 0.256250 0.966797 0.252344 0.974609 0.250781 0.980469 0.250000 0.982422 0.242969 0.991211 0.242969 0.995117 0.245312 0.996094 0.292187 0.996094 0.296875 0.995117 0.303125 0.992188 0.310156 0.987305 0.313281 0.982422 0.314063 0.979492 0.314063 0.976562 0.314844 0.974609 0.317969 0.969727 0.318750 0.967773 0.319531 0.965820 0.321094 0.959961 0.324219 0.952148 0.327344 0.947266 0.329688 0.942383 0.329688 0.940430 0.333594 0.934570 0.329688 0.929688 0.328906 0.924805 0.327344 0.919922 0.323437 0.915039 0.323437 0.913086 0.321875 0.911133 0.321875 0.908203 0.319531 0.905273 0.318750 0.903320 0.317188 0.898438 0.317188 0.895508 0.316406 0.892578 0.313281 0.885742 0.312500 0.881836 0.312500 0.876953 0.310937 0.873047 0.310937 0.858398 0.311719 0.853516 0.312500 0.849609 0.313281 0.844727 0.316406 0.840820 0.317188 0.837891 0.319531 0.834961 0.320312 0.832031 0.321094 0.830078 0.321875 0.829102 0.323437 0.828125 0.325000 0.828125 0.328125 0.825195 0.328906 0.824219 0.328906 0.823242 0.330469 0.821289 0.335938 0.817383 0.344531 0.811523 0.346094 0.810547 0.348438 0.810547 0.350000 0.809570 0.351562 0.807617 0.353125 0.806641 0.356250 0.805664 0.359375 0.805664 0.362500 0.803711 0.364063 0.801758 0.364844 0.798828 0.364844 0.776367 0.363281 0.770508 0.362500 0.767578 0.360156 0.762695 0.357812 0.759766 0.357031 0.756836
0 0.244531 0.748047 0.246094 0.749023 0.251563 0.748047 0.248438 0.746094 0.244531 0.748047
0 0.323437 0.621094 0.318750 0.624023 0.314844 0.624023 0.309375 0.627930 0.302344 0.629883 0.295312 0.633789 0.292969 0.634766 0.287500 0.636719 0.283594 0.636719 0.281250 0.637695 0.271094 0.644531 0.267188 0.645508 0.265625 0.646484 0.263281 0.649414 0.260937 0.650391 0.257031 0.652344 0.254688 0.653320 0.253125 0.653320 0.249219 0.652344 0.248438 0.651367 0.246094 0.651367 0.244531 0.652344 0.242188 0.655273 0.241406 0.658203 0.239063 0.661133 0.239063 0.663086 0.237500 0.665039 0.236719 0.665039 0.235156 0.679688 0.235937 0.703125 0.235156 0.712891 0.235937 0.717773 0.237500 0.720703 0.237500 0.726562 0.239063 0.729492 0.237500 0.729492 0.238281 0.732422 0.240625 0.733398 0.245312 0.734375 0.246875 0.735352 0.248438 0.734375 0.248438 0.718750 0.249219 0.711914 0.250781 0.704102 0.252344 0.702148 0.254688 0.702148 0.256250 0.701172 0.256250 0.697266 0.258594 0.694336 0.262500 0.692383 0.263281 0.689453 0.264844 0.687500 0.266406 0.686523 0.272656 0.685547 0.289844 0.685547 0.294531 0.686523 0.296094 0.687500 0.300000 0.692383 0.302344 0.693359 0.305469 0.697266 0.305469 0.699219 0.307812 0.702148 0.308594 0.702148 0.310937 0.705078 0.311719 0.708008 0.312500 0.708984 0.314063 0.709961 0.327344 0.709961 0.334375 0.710938 0.336719 0.712891 0.340625 0.713867 0.343750 0.713867 0.344531 0.714844 0.346875 0.714844 0.350000 0.710938 0.353906 0.708984 0.356250 0.708008 0.357031 0.705078 0.357031 0.682617 0.355469 0.675781 0.355469 0.668945 0.353906 0.665039 0.353125 0.661133 0.353125 0.651367 0.351562 0.646484 0.351562 0.637695 0.350000 0.633789 0.350000 0.627930 0.349219 0.625977 0.345313 0.624023 0.329688 0.624023 0.326562 0.621094 0.323437 0.621094
0 0.660156 0.536133 0.658594 0.538086 0.657031 0.538086 0.653125 0.537109 0.650781 0.538086 0.649219 0.539062 0.646094 0.541992 0.637500 0.546875 0.632812 0.548828 0.632812 0.550781 0.628906 0.559570 0.628906 0.561523 0.629687 0.567383 0.630469 0.569336 0.632031 0.571289 0.632812 0.575195 0.633594 0.577148 0.634375 0.579102 0.635156 0.580078 0.637500 0.581055 0.639062 0.583008 0.642188 0.585938 0.644531 0.585938 0.647656 0.584961 0.651563 0.583008 0.653906 0.583008 0.654687 0.580078 0.657813 0.576172 0.661719 0.575195 0.664062 0.571289 0.666406 0.569336 0.669531 0.568359 0.670312 0.566406 0.671094 0.563477 0.670312 0.558594 0.668750 0.556641 0.671094 0.552734 0.671875 0.547852 0.671094 0.542969 0.668750 0.541992 0.667188 0.540039 0.667969 0.537109 0.669531 0.536133 0.667188 0.538086 0.665625 0.538086 0.664062 0.536133 0.660156 0.536133
0 0.579688 0.495117 0.577344 0.498047 0.557813 0.499023 0.553906 0.498047 0.552344 0.498047 0.548438 0.500000 0.546875 0.500000 0.546094 0.499023 0.544531 0.499023 0.543750 0.501953 0.542188 0.502930 0.540625 0.502930 0.537500 0.500977 0.534375 0.500977 0.533594 0.501953 0.532031 0.501953 0.532031 0.508789 0.528906 0.512695 0.527344 0.513672 0.525781 0.514648 0.520312 0.514648 0.517969 0.515625 0.516406 0.516602 0.510938 0.521484 0.509375 0.522461 0.507031 0.523438 0.505469 0.525391 0.500781 0.525391 0.496094 0.528320 0.494531 0.530273 0.491406 0.530273 0.488281 0.532227 0.478125 0.538086 0.475000 0.541992 0.473438 0.542969 0.471875 0.542969 0.471094 0.541992 0.469531 0.541992 0.465625 0.542969 0.461719 0.545898 0.458594 0.545898 0.453906 0.548828 0.451562 0.551758 0.450000 0.552734 0.446875 0.553711 0.443750 0.557617 0.439844 0.558594 0.438281 0.558594 0.437500 0.557617 0.435156 0.557617 0.432812 0.558594 0.427344 0.562500 0.426563 0.564453 0.425781 0.564453 0.423438 0.566406 0.418750 0.572266 0.414844 0.573242 0.413281 0.575195 0.411719 0.575195 0.407031 0.581055 0.407031 0.588867 0.407813 0.590820 0.409375 0.592773 0.411719 0.593750 0.412500 0.596680 0.411719 0.599609 0.407031 0.604492 0.407031 0.605469 0.405469 0.607422 0.403906 0.608398 0.402344 0.609375 0.398438 0.610352 0.390625 0.611328 0.388281 0.612305 0.385937 0.613281 0.384375 0.614258 0.383594 0.616211 0.382812 0.619141 0.382812 0.635742 0.384375 0.642578 0.384375 0.650391 0.385156 0.658203 0.386719 0.662109 0.386719 0.666992 0.387500 0.670898 0.388281 0.672852 0.389844 0.674805 0.392188 0.674805 0.398438 0.671875 0.400000 0.670898 0.401562 0.669922 0.405469 0.666992 0.409375 0.664062 0.411719 0.662109 0.415625 0.657227 0.419531 0.656250 0.425000 0.649414 0.430469 0.644531 0.432812 0.642578 0.434375 0.641602 0.435937 0.641602 0.437500 0.640625 0.441406 0.634766 0.443750 0.632812 0.450781 0.628906 0.453125 0.625977 0.455469 0.624023 0.458594 0.623047 0.461719 0.619141 0.467187 0.616211 0.471875 0.610352 0.474219 0.609375 0.475781 0.608398 0.476562 0.607422 0.476562 0.606445 0.477344 0.605469 0.479687 0.604492 0.482031 0.602539 0.485156 0.598633 0.485156 0.597656 0.487500 0.594727 0.490625 0.593750 0.492188 0.592773 0.494531 0.589844 0.496875 0.588867 0.500781 0.583984 0.500781 0.583008 0.503906 0.579102 0.507031 0.578125 0.511719 0.577148 0.513281 0.576172 0.518750 0.569336 0.521094 0.568359 0.524219 0.564453 0.525781 0.563477 0.527344 0.563477 0.528906 0.562500 0.531250 0.559570 0.532813 0.556641 0.532813 0.555664 0.533594 0.554688 0.535156 0.553711 0.535937 0.553711 0.537500 0.552734 0.538281 0.551758 0.540625 0.547852 0.542969 0.547852 0.544531 0.546875 0.550781 0.539062 0.553125 0.538086 0.557813 0.533203 0.560156 0.532227 0.562500 0.529297 0.567969 0.522461 0.570312 0.519531 0.570312 0.518555 0.571875 0.516602 0.575781 0.515625 0.578125 0.513672 0.582031 0.507812 0.584375 0.506836 0.586719 0.503906 0.588281 0.500977 0.588281 0.498047 0.586719 0.497070 0.585156 0.496094 0.582031 0.495117 0.579688 0.495117
0 0.783594 0.480469 0.783594 0.483398 0.785937 0.481445 0.783594 0.480469
0 0.821094 0.461914 0.818750 0.464844 0.816406 0.464844 0.814844 0.465820 0.814063 0.466797 0.813281 0.468750 0.814063 0.484375 0.817969 0.484375 0.819531 0.482422 0.821094 0.482422 0.822656 0.481445 0.825781 0.482422 0.827344 0.481445 0.827344 0.476562 0.828906 0.473633 0.828125 0.468750 0.826562 0.465820 0.825781 0.461914 0.821094 0.461914
0 0.982031 0.445312 0.978906 0.446289 0.975781 0.450195 0.974219 0.451172 0.969531 0.452148 0.968750 0.454102 0.966406 0.455078 0.963281 0.459961 0.962500 0.461914 0.961719 0.474609 0.961719 0.481445 0.962500 0.496094 0.964063 0.503906 0.964844 0.520508 0.964844 0.522461 0.964063 0.523438 0.964063 0.525391 0.965625 0.533203 0.966406 0.551758 0.966406 0.561523 0.964063 0.564453 0.958594 0.565430 0.951562 0.565430 0.945312 0.562500 0.942187 0.561523 0.938281 0.561523 0.932813 0.559570 0.931250 0.558594 0.928906 0.560547 0.923438 0.560547 0.921875 0.561523 0.916406 0.565430 0.914062 0.568359 0.914062 0.569336 0.911719 0.572266 0.908594 0.572266 0.907031 0.573242 0.906250 0.574219 0.906250 0.575195 0.904687 0.577148 0.903125 0.578125 0.901563 0.578125 0.900000 0.579102 0.897656 0.583008 0.896875 0.583984 0.895312 0.584961 0.892969 0.584961 0.891406 0.585938 0.890625 0.586914 0.890625 0.587891 0.889062 0.589844 0.889062 0.590820 0.885156 0.592773 0.882812 0.592773 0.881250 0.593750 0.875781 0.597656 0.871094 0.603516 0.868750 0.604492 0.866406 0.607422 0.862500 0.609375 0.856250 0.616211 0.853125 0.617188 0.849219 0.622070 0.847656 0.623047 0.845313 0.623047 0.843750 0.624023 0.838281 0.627930 0.832812 0.633789 0.828125 0.634766 0.825781 0.636719 0.823438 0.639648 0.821875 0.639648 0.817187 0.644531 0.815625 0.644531 0.814063 0.645508 0.808594 0.652344 0.807031 0.652344 0.805469 0.654297 0.803906 0.654297 0.802344 0.655273 0.799219 0.659180 0.796094 0.660156 0.790625 0.664062 0.786719 0.668945 0.782813 0.669922 0.775000 0.676758 0.771094 0.681641 0.767188 0.682617 0.763281 0.686523 0.759375 0.688477 0.754687 0.694336 0.751563 0.694336 0.746875 0.700195 0.745313 0.701172 0.741406 0.702148 0.734375 0.707031 0.730469 0.711914 0.727344 0.712891 0.725000 0.715820 0.723437 0.716797 0.721094 0.716797 0.718750 0.718750 0.714844 0.723633 0.712500 0.724609 0.709375 0.728516 0.707812 0.729492 0.706250 0.729492 0.704688 0.730469 0.699219 0.736328 0.696875 0.737305 0.692969 0.742188 0.690625 0.742188 0.689063 0.743164 0.682813 0.750000 0.682031 0.765625 0.683594 0.782227 0.683594 0.784180 0.682813 0.792969 0.680469 0.795898 0.678906 0.796875 0.677344 0.797852 0.670312 0.797852 0.667188 0.796875 0.664844 0.795898 0.662500 0.794922 0.660937 0.793945 0.658594 0.791992 0.656250 0.789062 0.654687 0.785156 0.652344 0.781250 0.651563 0.780273 0.648438 0.777344 0.646094 0.775391 0.642188 0.773438 0.639844 0.770508 0.638281 0.769531 0.636719 0.768555 0.634375 0.768555 0.632031 0.766602 0.625000 0.764648 0.619531 0.764648 0.616406 0.766602 0.611719 0.767578 0.608594 0.766602 0.606250 0.764648 0.603906 0.763672 0.600781 0.763672 0.596875 0.758789 0.596094 0.756836 0.595313 0.753906 0.596094 0.739258 0.595313 0.728516 0.596875 0.723633 0.597656 0.708984 0.597656 0.703125 0.595313 0.696289 0.595313 0.692383 0.594531 0.688477 0.592969 0.685547 0.591406 0.683594 0.589063 0.681641 0.585938 0.680664 0.582812 0.676758 0.579688 0.676758 0.578125 0.674805 0.578125 0.673828 0.577344 0.672852 0.575781 0.671875 0.573438 0.670898 0.571094 0.670898 0.569531 0.669922 0.563281 0.662109 0.560937 0.656250 0.560156 0.650391 0.560937 0.646484 0.561719 0.644531 0.562500 0.642578 0.564844 0.639648 0.568750 0.637695 0.571875 0.633789 0.573438 0.632812 0.576562 0.631836 0.578125 0.630859 0.581250 0.627930 0.585938 0.625000 0.589844 0.624023 0.591406 0.623047 0.592969 0.622070 0.595313 0.619141 0.596875 0.618164 0.598437 0.617188 0.603906 0.615234 0.605469 0.614258 0.607031 0.613281 0.612500 0.606445 0.610938 0.604492 0.609375 0.601562 0.608594 0.598633 0.605469 0.594727 0.603906 0.593750 0.602344 0.593750 0.600781 0.592773 0.596875 0.589844 0.592187 0.583008 0.590625 0.581055 0.587500 0.579102 0.583594 0.577148 0.581250 0.576172 0.579688 0.574219 0.578906 0.572266 0.578125 0.565430 0.578125 0.558594 0.578906 0.553711 0.580469 0.551758 0.582812 0.549805 0.585156 0.547852 0.586719 0.546875 0.589063 0.546875 0.591406 0.545898 0.594531 0.541992 0.594531 0.541016 0.596875 0.538086 0.599219 0.537109 0.602344 0.532227 0.603906 0.531250 0.606250 0.531250 0.608594 0.530273 0.613281 0.527344 0.615625 0.524414 0.619531 0.522461 0.621875 0.521484 0.623437 0.519531 0.625000 0.516602 0.625781 0.512695 0.625000 0.505859 0.625781 0.501953 0.624219 0.500000 0.621875 0.499023 0.620313 0.499023 0.607031 0.500000 0.605469 0.500977 0.603906 0.501953 0.601562 0.503906 0.598437 0.507812 0.593750 0.510742 0.590625 0.513672 0.580469 0.525391 0.575000 0.529297 0.567969 0.536133 0.567187 0.537109 0.567187 0.538086 0.558594 0.547852 0.554688 0.550781 0.552344 0.553711 0.552344 0.554688 0.550781 0.556641 0.549219 0.556641 0.546875 0.558594 0.544531 0.560547 0.532031 0.572266 0.526563 0.579102 0.523438 0.582031 0.517188 0.585938 0.513281 0.589844 0.510938 0.591797 0.509375 0.591797 0.507812 0.592773 0.504687 0.596680 0.500000 0.599609 0.499219 0.600586 0.496875 0.604492 0.493750 0.607422 0.491406 0.608398 0.487500 0.609375 0.485938 0.610352 0.484375 0.611328 0.475781 0.622070 0.470313 0.625000 0.466406 0.630859 0.464844 0.632812 0.462500 0.633789 0.459375 0.637695 0.457813 0.638672 0.453906 0.639648 0.452344 0.640625 0.450000 0.643555 0.447656 0.644531 0.445312 0.646484 0.444531 0.649414 0.442969 0.651367 0.440625 0.652344 0.436719 0.654297 0.434375 0.657227 0.432031 0.658203 0.428906 0.661133 0.426563 0.666016 0.422656 0.665039 0.420312 0.667969 0.418750 0.667969 0.415625 0.671875 0.415625 0.672852 0.412500 0.676758 0.410156 0.678711 0.408594 0.679688 0.406250 0.679688 0.401562 0.682617 0.396094 0.688477 0.393750 0.691406 0.392969 0.693359 0.392188 0.695312 0.392969 0.710938 0.392969 0.712891 0.392188 0.718750 0.392969 0.719727 0.392969 0.724609 0.392188 0.725586 0.392188 0.729492 0.392969 0.730469 0.392969 0.735352 0.393750 0.738281 0.395313 0.743164 0.396094 0.749023 0.403906 0.749023 0.405469 0.748047 0.406250 0.747070 0.411719 0.740234 0.412500 0.736328 0.414844 0.733398 0.416406 0.728516 0.420312 0.723633 0.420312 0.722656 0.423438 0.718750 0.425000 0.717773 0.426563 0.717773 0.431250 0.712891 0.432812 0.711914 0.434375 0.710938 0.436719 0.710938 0.438281 0.708984 0.439844 0.708008 0.442969 0.707031 0.446094 0.706055 0.450781 0.706055 0.453125 0.704102 0.468750 0.704102 0.474219 0.705078 0.476562 0.706055 0.478906 0.707031 0.480469 0.708008 0.482031 0.708984 0.486719 0.713867 0.489063 0.716797 0.489844 0.722656 0.489844 0.724609 0.491406 0.728516 0.492969 0.730469 0.495312 0.732422 0.498437 0.734375 0.500781 0.737305 0.501563 0.739258 0.502344 0.741211 0.503125 0.744141 0.503125 0.749023 0.502344 0.750977 0.499219 0.754883 0.498437 0.757812 0.496094 0.767578 0.492188 0.775391 0.489063 0.779297 0.485938 0.780273 0.482812 0.783203 0.481250 0.784180 0.474219 0.787109 0.471094 0.788086 0.464062 0.790039 0.460156 0.791016 0.453125 0.791016 0.439844 0.789062 0.438281 0.789062 0.436719 0.790039 0.433594 0.792969 0.433594 0.796875 0.434375 0.797852 0.435156 0.802734 0.435937 0.802734 0.437500 0.804688 0.439063 0.805664 0.442969 0.806641 0.451562 0.812500 0.455469 0.817383 0.459375 0.825195 0.460156 0.827148 0.460938 0.829102 0.460938 0.833008 0.462500 0.836914 0.462500 0.841797 0.464062 0.846680 0.463281 0.851562 0.463281 0.853516 0.464062 0.854492 0.464062 0.857422 0.461719 0.867188 0.460938 0.870117 0.460156 0.873047 0.453906 0.880859 0.451562 0.886719 0.449219 0.889648 0.447656 0.889648 0.443750 0.895508 0.442969 0.896484 0.441406 0.897461 0.439844 0.897461 0.438281 0.898438 0.436719 0.900391 0.432031 0.908203 0.433594 0.911133 0.435937 0.914062 0.437500 0.917969 0.439844 0.923828 0.440625 0.926758 0.441406 0.933594 0.441406 0.943359 0.440625 0.951172 0.439063 0.956055 0.439063 0.964844 0.438281 0.966797 0.435937 0.970703 0.435156 0.975586 0.432031 0.980469 0.427344 0.986328 0.422656 0.994141 0.424219 0.995117 0.427344 0.996094 0.434375 0.997070 0.437500 0.997070 0.654687 0.995117 0.663281 0.995117 0.732812 0.995117 0.742969 0.996094 0.746094 0.996094 0.750781 0.995117 0.760938 0.995117 0.764844 0.995117 0.939844 0.995117 0.952344 0.995117 0.995313 0.996094 0.996094 0.995117 0.999219 0.995117 0.999219 0.448242 0.995313 0.446289 0.989062 0.445312 0.982031 0.445312
0 0.681250 0.406250 0.673438 0.407227 0.671094 0.408203 0.666406 0.411133 0.664844 0.413086 0.664844 0.414062 0.663281 0.416016 0.661719 0.416992 0.657813 0.416992 0.656250 0.418945 0.654687 0.418945 0.653125 0.419922 0.646094 0.425781 0.644531 0.426758 0.642969 0.427734 0.639062 0.428711 0.637500 0.429688 0.635938 0.430664 0.632812 0.434570 0.632812 0.439453 0.631250 0.441406 0.630469 0.441406 0.629687 0.444336 0.628125 0.446289 0.625781 0.447266 0.625000 0.450195 0.622656 0.451172 0.623437 0.455078 0.621094 0.458984 0.620313 0.464844 0.620313 0.466797 0.622656 0.470703 0.625781 0.471680 0.632812 0.475586 0.634375 0.477539 0.639062 0.478516 0.644531 0.482422 0.653125 0.485352 0.668750 0.486328 0.671094 0.483398 0.672656 0.482422 0.678125 0.482422 0.681250 0.480469 0.684375 0.480469 0.687500 0.477539 0.689844 0.476562 0.692969 0.476562 0.696094 0.474609 0.702344 0.473633 0.703125 0.471680 0.703125 0.469727 0.704688 0.467773 0.706250 0.466797 0.708594 0.465820 0.707812 0.463867 0.706250 0.463867 0.704688 0.460938 0.705469 0.456055 0.704688 0.455078 0.705469 0.451172 0.702344 0.447266 0.703125 0.442383 0.703125 0.435547 0.702344 0.433594 0.700781 0.431641 0.701562 0.426758 0.700781 0.424805 0.699219 0.422852 0.700000 0.419922 0.697656 0.418945 0.696875 0.417969 0.696094 0.416016 0.695312 0.414062 0.694531 0.409180 0.692969 0.407227 0.690625 0.406250 0.681250 0.406250
0 0.932813 0.330078 0.930469 0.331055 0.928125 0.332031 0.921875 0.335938 0.919531 0.338867 0.916406 0.339844 0.912500 0.340820 0.907031 0.340820 0.903906 0.342773 0.900000 0.343750 0.896094 0.344727 0.889844 0.344727 0.884375 0.345703 0.881250 0.347656 0.878125 0.347656 0.876563 0.348633 0.871875 0.353516 0.868750 0.353516 0.865625 0.356445 0.860938 0.357422 0.859375 0.358398 0.857812 0.360352 0.853125 0.361328 0.850000 0.365234 0.850781 0.368164 0.849219 0.370117 0.845313 0.368164 0.845313 0.372070 0.850781 0.372070 0.851562 0.373047 0.857812 0.373047 0.864062 0.374023 0.869531 0.375000 0.872656 0.375977 0.885156 0.383789 0.887500 0.383789 0.889062 0.384766 0.892188 0.388672 0.896094 0.390625 0.897656 0.392578 0.898438 0.394531 0.898438 0.401367 0.897656 0.403320 0.895312 0.406250 0.892188 0.408203 0.888281 0.411133 0.885156 0.412109 0.882031 0.415039 0.878125 0.419922 0.877344 0.421875 0.877344 0.424805 0.878125 0.425781 0.878906 0.431641 0.878125 0.436523 0.875781 0.442383 0.871875 0.447266 0.870313 0.447266 0.871094 0.450195 0.876563 0.450195 0.878125 0.449219 0.879687 0.448242 0.882812 0.444336 0.884375 0.443359 0.886719 0.443359 0.888281 0.442383 0.891406 0.438477 0.892969 0.437500 0.896094 0.437500 0.901563 0.434570 0.908594 0.429688 0.910937 0.428711 0.913281 0.427734 0.921875 0.424805 0.927344 0.423828 0.937500 0.424805 0.950781 0.423828 0.952344 0.421875 0.953125 0.419922 0.953125 0.403320 0.951562 0.402344 0.950000 0.401367 0.942969 0.401367 0.939844 0.400391 0.937500 0.399414 0.935937 0.398438 0.931250 0.393555 0.930469 0.390625 0.931250 0.389648 0.930469 0.385742 0.930469 0.383789 0.932031 0.380859 0.932813 0.375977 0.935156 0.375000 0.939063 0.373047 0.945312 0.373047 0.947656 0.372070 0.949219 0.371094 0.951562 0.368164 0.953125 0.365234 0.953125 0.361328 0.954688 0.359375 0.960156 0.359375 0.966406 0.358398 0.967969 0.357422 0.969531 0.345703 0.972656 0.342773 0.973437 0.340820 0.971094 0.337891 0.969531 0.336914 0.967969 0.335938 0.965625 0.334961 0.961719 0.333984 0.952344 0.333008 0.944531 0.330078 0.932813 0.330078
