0 0.689063 0.556641 0.681250 0.557617 0.677344 0.559570 0.672656 0.560547 0.667969 0.561523 0.659375 0.561523 0.653906 0.562500 0.647656 0.563477 0.644531 0.564453 0.641406 0.566406 0.636719 0.567383 0.632812 0.568359 0.628125 0.569336 0.621094 0.569336 0.616406 0.570312 0.610938 0.571289 0.607031 0.573242 0.602344 0.573242 0.599219 0.575195 0.595313 0.575195 0.589844 0.578125 0.585156 0.578125 0.580469 0.579102 0.576562 0.582031 0.574219 0.583008 0.567969 0.583984 0.566406 0.585938 0.559375 0.588867 0.556250 0.587891 0.553906 0.590820 0.559375 0.591797 0.561719 0.591797 0.565625 0.590820 0.571875 0.590820 0.576562 0.591797 0.578906 0.589844 0.584375 0.590820 0.592969 0.588867 0.606250 0.588867 0.617188 0.586914 0.637500 0.585938 0.639062 0.585938 0.645312 0.586914 0.667969 0.585938 0.669531 0.585938 0.688281 0.584961 0.701562 0.583984 0.705469 0.582031 0.709375 0.582031 0.710938 0.580078 0.712500 0.579102 0.714063 0.579102 0.714844 0.580078 0.716406 0.580078 0.718750 0.579102 0.721094 0.576172 0.717187 0.573242 0.711719 0.570312 0.707812 0.568359 0.705469 0.568359 0.703906 0.567383 0.702344 0.565430 0.700781 0.565430 0.699219 0.563477 0.699219 0.560547 0.697656 0.559570 0.696094 0.558594 0.692187 0.557617 0.689063 0.556641
0 0.434375 0.513672 0.431250 0.514648 0.425000 0.521484 0.422656 0.524414 0.421094 0.529297 0.417969 0.533203 0.415625 0.537109 0.414062 0.541016 0.413281 0.544922 0.412500 0.546875 0.410938 0.549805 0.407031 0.555664 0.403906 0.565430 0.400000 0.571289 0.399219 0.573242 0.397656 0.579102 0.395313 0.584961 0.392969 0.587891 0.392188 0.589844 0.392969 0.594727 0.394531 0.594727 0.396094 0.596680 0.397656 0.597656 0.400000 0.598633 0.407031 0.598633 0.417187 0.598633 0.420312 0.598633 0.422656 0.596680 0.432812 0.597656 0.435937 0.597656 0.445312 0.595703 0.447656 0.595703 0.451562 0.596680 0.467969 0.595703 0.471094 0.594727 0.474219 0.592773 0.478125 0.592773 0.479687 0.591797 0.478906 0.588867 0.475781 0.584961 0.475000 0.582031 0.473438 0.580078 0.470313 0.579102 0.468750 0.578125 0.465625 0.574219 0.460938 0.571289 0.457031 0.567383 0.448437 0.556641 0.445312 0.551758 0.444531 0.549805 0.443750 0.545898 0.442188 0.541992 0.439063 0.537109 0.438281 0.532227 0.438281 0.526367 0.437500 0.522461 0.436719 0.518555 0.435937 0.515625 0.434375 0.513672
0 0.679688 0.375977 0.677344 0.376953 0.675781 0.377930 0.670312 0.383789 0.668750 0.384766 0.666406 0.384766 0.664844 0.386719 0.664844 0.387695 0.663281 0.389648 0.659375 0.391602 0.653906 0.397461 0.650000 0.399414 0.647656 0.402344 0.647656 0.403320 0.646094 0.405273 0.645312 0.405273 0.642969 0.408203 0.642969 0.410156 0.643750 0.415039 0.645312 0.416016 0.648438 0.417969 0.651563 0.418945 0.660156 0.419922 0.662500 0.419922 0.667188 0.418945 0.670312 0.416992 0.670312 0.416016 0.671875 0.414062 0.673438 0.409180 0.675781 0.406250 0.677344 0.406250 0.679688 0.403320 0.681250 0.398438 0.683594 0.396484 0.684375 0.393555 0.685156 0.391602 0.685937 0.389648 0.689844 0.383789 0.690625 0.380859 0.692969 0.379883 0.692969 0.375977 0.689844 0.375977 0.689063 0.376953 0.685937 0.376953 0.679688 0.375977
0 0.793750 0.282227 0.792188 0.283203 0.793750 0.285156 0.795312 0.284180 0.795312 0.282227 0.793750 0.282227
0 0.035937 0.282227 0.038281 0.285156 0.037500 0.282227 0.035937 0.282227
0 0.075781 0.274414 0.075000 0.275391 0.073438 0.275391 0.075000 0.276367 0.076563 0.276367 0.077344 0.275391 0.078906 0.275391 0.077344 0.274414 0.075781 0.274414
0 0.047656 0.266602 0.047656 0.270508 0.048438 0.272461 0.052344 0.270508 0.053906 0.271484 0.056250 0.274414 0.057813 0.274414 0.057813 0.271484 0.056250 0.270508 0.053125 0.270508 0.050781 0.267578 0.049219 0.266602 0.047656 0.266602
0 0.039062 0.257812 0.039062 0.259766 0.038281 0.260742 0.038281 0.263672 0.039844 0.264648 0.046875 0.263672 0.044531 0.260742 0.042188 0.258789 0.040625 0.257812 0.039062 0.257812
0 0.012500 0.209961 0.014063 0.208984 0.014063 0.207031 0.012500 0.209961
0 0.028906 0.206055 0.027344 0.208008 0.024219 0.213867 0.019531 0.215820 0.019531 0.216797 0.016406 0.217773 0.014063 0.214844 0.011719 0.214844 0.010156 0.212891 0.010156 0.210938 0.007031 0.213867 0.004687 0.214844 0.003906 0.215820 0.001563 0.219727 0.000000 0.219727 0.000000 0.221680 0.001563 0.221680 0.003125 0.223633 0.003125 0.225586 0.000000 0.228516 0.002344 0.230469 0.002344 0.233398 0.003125 0.235352 0.004687 0.237305 0.006250 0.242188 0.006250 0.244141 0.004687 0.245117 0.003906 0.247070 0.014844 0.247070 0.014844 0.244141 0.016406 0.242188 0.016406 0.240234 0.017969 0.238281 0.022656 0.239258 0.023438 0.242188 0.023438 0.244141 0.021875 0.247070 0.023438 0.247070 0.025000 0.248047 0.026562 0.250000 0.028125 0.250977 0.029687 0.250977 0.031250 0.252930 0.032031 0.254883 0.032813 0.258789 0.032813 0.261719 0.034375 0.260742 0.034375 0.257812 0.036719 0.255859 0.036719 0.250000 0.035937 0.247070 0.034375 0.245117 0.033594 0.243164 0.032813 0.235352 0.033594 0.220703 0.033594 0.208984 0.032031 0.207031 0.028906 0.206055
0 0.774219 0.197266 0.774219 0.202148 0.775000 0.204102 0.777344 0.208008 0.779687 0.208008 0.781250 0.202148 0.781250 0.200195 0.780469 0.198242 0.776563 0.196289 0.774219 0.197266
0 0.012500 0.173828 0.013281 0.175781 0.013281 0.181641 0.014063 0.183594 0.014844 0.184570 0.015625 0.184570 0.018750 0.189453 0.020313 0.189453 0.021875 0.194336 0.023438 0.196289 0.026562 0.197266 0.029687 0.201172 0.028906 0.204102 0.011719 0.203125 0.008594 0.202148 0.005469 0.202148 0.005469 0.199219 0.008594 0.196289 0.010937 0.196289 0.013281 0.198242 0.014844 0.196289 0.013281 0.194336 0.010937 0.196289 0.008594 0.196289 0.008594 0.191406 0.010937 0.189453 0.009375 0.187500 0.005469 0.187500 0.003906 0.186523 0.002344 0.182617 0.000000 0.181641 0.000000 0.173828 0.012500 0.173828
0 0.096875 0.166992 0.102344 0.167969 0.103125 0.168945 0.105469 0.169922 0.103125 0.169922 0.100781 0.172852 0.102344 0.175781 0.104688 0.175781 0.105469 0.174805 0.107813 0.174805 0.108594 0.178711 0.110156 0.180664 0.109375 0.186523 0.110937 0.188477 0.112500 0.188477 0.113281 0.185547 0.114844 0.183594 0.121875 0.183594 0.123438 0.184570 0.124219 0.186523 0.130469 0.186523 0.132031 0.189453 0.128906 0.189453 0.127344 0.191406 0.125000 0.191406 0.123438 0.193359 0.121875 0.193359 0.121875 0.192383 0.124219 0.189453 0.122656 0.187500 0.119531 0.185547 0.117969 0.185547 0.116406 0.186523 0.114844 0.188477 0.111719 0.189453 0.109375 0.192383 0.111719 0.197266 0.109375 0.200195 0.110937 0.202148 0.114844 0.199219 0.116406 0.198242 0.117188 0.193359 0.121875 0.192383 0.121875 0.193359 0.119531 0.196289 0.120313 0.198242 0.121875 0.199219 0.125000 0.198242 0.126562 0.197266 0.127344 0.195312 0.128906 0.194336 0.131250 0.194336 0.132812 0.196289 0.133594 0.199219 0.135937 0.202148 0.139063 0.202148 0.140625 0.200195 0.139844 0.194336 0.138281 0.193359 0.136719 0.193359 0.134375 0.190430 0.132031 0.189453 0.130469 0.186523 0.135937 0.184570 0.138281 0.184570 0.139844 0.186523 0.141406 0.187500 0.143750 0.187500 0.149219 0.184570 0.154688 0.184570 0.157031 0.187500 0.159375 0.187500 0.160938 0.185547 0.162500 0.184570 0.165625 0.185547 0.169531 0.184570 0.171875 0.186523 0.169531 0.195312 0.167969 0.195312 0.167187 0.197266 0.169531 0.200195 0.171094 0.197266 0.169531 0.195312 0.171875 0.186523 0.174219 0.186523 0.176563 0.183594 0.178906 0.182617 0.178906 0.177734 0.186719 0.174805 0.185938 0.177734 0.182812 0.178711 0.182031 0.180664 0.183594 0.182617 0.185156 0.183594 0.188281 0.182617 0.187500 0.178711 0.185938 0.177734 0.186719 0.174805 0.189844 0.174805 0.192188 0.177734 0.193750 0.177734 0.198437 0.176758 0.200781 0.179688 0.201563 0.182617 0.203125 0.185547 0.201563 0.188477 0.201563 0.197266 0.201563 0.208984 0.201563 0.211914 0.202344 0.215820 0.203125 0.217773 0.203906 0.218750 0.205469 0.219727 0.207813 0.219727 0.210156 0.222656 0.210156 0.223633 0.211719 0.225586 0.216406 0.225586 0.217969 0.226562 0.222656 0.232422 0.224219 0.233398 0.226562 0.233398 0.228906 0.234375 0.230469 0.236328 0.232813 0.244141 0.234375 0.247070 0.236719 0.250000 0.242969 0.253906 0.245312 0.254883 0.249219 0.255859 0.253906 0.255859 0.258594 0.254883 0.260937 0.253906 0.263281 0.252930 0.267969 0.250000 0.271094 0.248047 0.272656 0.246094 0.275000 0.240234 0.275781 0.237305 0.282031 0.233398 0.286719 0.233398 0.290625 0.231445 0.294531 0.231445 0.298438 0.230469 0.301563 0.229492 0.304688 0.227539 0.307812 0.226562 0.312500 0.226562 0.328906 0.226562 0.330469 0.226562 0.335938 0.226562 0.339062 0.226562 0.348438 0.227539 0.350781 0.230469 0.352344 0.232422 0.353906 0.234375 0.355469 0.237305 0.357812 0.243164 0.360156 0.251953 0.360156 0.256836 0.360938 0.259766 0.362500 0.261719 0.363281 0.263672 0.364063 0.267578 0.364063 0.275391 0.364844 0.278320 0.365625 0.280273 0.370312 0.289062 0.372656 0.294922 0.374219 0.299805 0.375000 0.304688 0.379688 0.314453 0.380469 0.317383 0.380469 0.320312 0.381250 0.323242 0.383594 0.330078 0.386719 0.334961 0.390625 0.343750 0.391406 0.345703 0.391406 0.349609 0.392188 0.351562 0.392969 0.353516 0.394531 0.355469 0.395313 0.357422 0.396094 0.359375 0.397656 0.366211 0.400000 0.372070 0.401562 0.374023 0.402344 0.375977 0.403125 0.377930 0.403125 0.379883 0.405469 0.383789 0.407813 0.393555 0.409375 0.398438 0.410156 0.400391 0.411719 0.402344 0.412500 0.404297 0.413281 0.410156 0.414062 0.413086 0.417969 0.420898 0.419531 0.425781 0.420312 0.428711 0.421094 0.431641 0.421094 0.437500 0.420312 0.440430 0.419531 0.442383 0.418750 0.444336 0.415625 0.451172 0.413281 0.454102 0.410156 0.460938 0.407031 0.467773 0.406250 0.469727 0.406250 0.471680 0.405469 0.473633 0.404687 0.475586 0.402344 0.480469 0.397656 0.487305 0.393750 0.497070 0.391406 0.500000 0.389844 0.502930 0.387500 0.509766 0.387500 0.512695 0.384375 0.511719 0.383594 0.509766 0.383594 0.500977 0.382812 0.498047 0.379688 0.494141 0.378125 0.493164 0.372656 0.490234 0.360156 0.490234 0.352344 0.491211 0.349219 0.492188 0.347656 0.493164 0.346094 0.494141 0.345313 0.495117 0.345313 0.496094 0.343750 0.498047 0.342969 0.500000 0.342187 0.502930 0.341406 0.511719 0.341406 0.515625 0.342187 0.521484 0.341406 0.531250 0.340625 0.538086 0.339844 0.543945 0.338281 0.547852 0.338281 0.549805 0.339062 0.553711 0.337500 0.562500 0.336719 0.579102 0.337500 0.589844 0.335938 0.594727 0.335938 0.624023 0.334375 0.626953 0.334375 0.636719 0.334375 0.656250 0.333594 0.671875 0.332813 0.686523 0.331250 0.696289 0.332031 0.700195 0.330469 0.706055 0.329688 0.724609 0.328906 0.742188 0.329688 0.746094 0.328125 0.765625 0.328125 0.769531 0.328906 0.782227 0.329688 0.784180 0.330469 0.786133 0.334375 0.791016 0.336719 0.791992 0.342969 0.793945 0.345313 0.794922 0.346875 0.794922 0.351562 0.792969 0.360938 0.792969 0.365625 0.791992 0.367969 0.790039 0.370312 0.790039 0.371875 0.789062 0.374219 0.786133 0.376563 0.780273 0.377344 0.773438 0.378125 0.763672 0.378906 0.741211 0.378906 0.711914 0.379688 0.688477 0.381250 0.671875 0.382031 0.665039 0.382812 0.661133 0.383594 0.657227 0.385937 0.651367 0.389062 0.647461 0.390625 0.646484 0.397656 0.645508 0.407031 0.644531 0.421875 0.644531 0.430469 0.642578 0.433594 0.642578 0.439844 0.643555 0.457031 0.641602 0.468750 0.642578 0.475000 0.642578 0.487500 0.641602 0.501563 0.639648 0.521094 0.639648 0.531250 0.637695 0.549219 0.636719 0.570312 0.636719 0.585938 0.634766 0.602344 0.633789 0.606250 0.634766 0.618750 0.632812 0.639844 0.632812 0.658594 0.631836 0.670312 0.629883 0.682031 0.628906 0.710156 0.628906 0.728125 0.626953 0.750781 0.627930 0.752344 0.627930 0.757812 0.625977 0.770312 0.625000 0.785156 0.624023 0.805469 0.624023 0.821094 0.622070 0.829688 0.622070 0.834375 0.623047 0.836719 0.624023 0.840625 0.628906 0.842969 0.634766 0.843750 0.638672 0.844531 0.640625 0.845313 0.642578 0.849219 0.648438 0.850000 0.649414 0.852344 0.650391 0.855469 0.654297 0.856250 0.656250 0.859375 0.665039 0.861719 0.673828 0.863281 0.678711 0.864062 0.680664 0.865625 0.682617 0.866406 0.684570 0.867188 0.690430 0.867969 0.692383 0.868750 0.694336 0.871094 0.698242 0.872656 0.702148 0.875000 0.709961 0.876563 0.717773 0.882031 0.731445 0.882812 0.736328 0.883594 0.738281 0.884375 0.740234 0.887500 0.747070 0.891406 0.752930 0.892969 0.754883 0.893750 0.754883 0.896094 0.757812 0.897656 0.758789 0.899219 0.759766 0.903125 0.761719 0.910156 0.762695 0.912500 0.762695 0.916406 0.760742 0.920312 0.760742 0.921875 0.758789 0.925781 0.757812 0.927344 0.756836 0.928906 0.755859 0.931250 0.753906 0.935937 0.748047 0.936719 0.744141 0.936719 0.741211 0.935937 0.734375 0.934375 0.729492 0.933594 0.716797 0.936719 0.716797 0.937500 0.715820 0.943750 0.715820 0.947656 0.712891 0.950000 0.712891 0.953125 0.708984 0.956250 0.707031 0.960156 0.702148 0.960938 0.700195 0.960938 0.694336 0.960156 0.689453 0.957812 0.686523 0.957031 0.686523 0.955469 0.684570 0.953906 0.680664 0.950781 0.676758 0.948438 0.675781 0.942969 0.674805 0.938281 0.674805 0.935937 0.676758 0.929688 0.677734 0.922656 0.677734 0.921875 0.678711 0.915625 0.678711 0.913281 0.675781 0.912500 0.672852 0.909375 0.668945 0.908594 0.666992 0.907813 0.665039 0.907031 0.660156 0.906250 0.657227 0.903906 0.653320 0.903125 0.649414 0.900781 0.645508 0.898438 0.638672 0.897656 0.635742 0.897656 0.632812 0.896094 0.629883 0.896094 0.626953 0.893750 0.623047 0.892969 0.621094 0.892969 0.618164 0.891406 0.615234 0.891406 0.611328 0.889844 0.607422 0.889062 0.599609 0.888281 0.591797 0.889062 0.587891 0.887500 0.577148 0.886719 0.563477 0.886719 0.541992 0.887500 0.540039 0.888281 0.538086 0.891406 0.534180 0.893750 0.532227 0.897656 0.530273 0.899219 0.529297 0.900000 0.528320 0.900000 0.527344 0.900781 0.526367 0.905469 0.520508 0.907031 0.518555 0.907813 0.518555 0.910156 0.515625 0.912500 0.514648 0.914844 0.511719 0.914844 0.510742 0.917188 0.507812 0.917969 0.507812 0.919531 0.505859 0.921094 0.502930 0.922656 0.499023 0.928125 0.492188 0.930469 0.485352 0.935156 0.478516 0.935937 0.476562 0.936719 0.471680 0.939063 0.465820 0.942969 0.458984 0.943750 0.456055 0.946094 0.445312 0.948438 0.433594 0.949219 0.428711 0.949219 0.410156 0.946875 0.395508 0.946094 0.391602 0.944531 0.388672 0.944531 0.383789 0.943750 0.381836 0.939844 0.375000 0.937500 0.369141 0.935937 0.365234 0.935937 0.361328 0.932813 0.356445 0.930469 0.352539 0.923438 0.343750 0.917969 0.337891 0.916406 0.337891 0.913281 0.333984 0.910937 0.333008 0.908594 0.330078 0.906250 0.328125 0.904687 0.327148 0.903125 0.326172 0.901563 0.326172 0.900000 0.325195 0.898438 0.324219 0.896094 0.321289 0.893750 0.321289 0.888281 0.318359 0.881250 0.313477 0.878906 0.313477 0.876563 0.312500 0.874219 0.309570 0.873437 0.303711 0.872656 0.296875 0.871875 0.287109 0.871875 0.274414 0.869531 0.261719 0.869531 0.252930 0.866406 0.244141 0.863281 0.239258 0.862500 0.236328 0.861719 0.229492 0.860938 0.222656 0.860156 0.202148 0.860156 0.199219 0.860938 0.196289 0.866406 0.194336 0.879687 0.193359 0.882031 0.193359 0.886719 0.193359 0.888281 0.193359 0.892969 0.195312 0.910937 0.196289 0.912500 0.196289 0.917188 0.195312 0.923438 0.195312 0.940625 0.197266 0.946094 0.196289 0.947656 0.196289 0.958594 0.198242 0.972656 0.198242 0.977344 0.197266 0.979688 0.197266 0.987500 0.199219 0.992969 0.198242 0.994531 0.199219 0.997656 0.203125 0.999219 0.203125 0.998437 0.250000 0.998437 0.253906 0.996875 0.298828 0.997656 0.300781 0.999219 0.301758 0.999219 0.303711 0.997656 0.304688 0.998437 0.307617 0.998437 0.343750 0.997656 0.347656 0.999219 0.348633 0.999219 0.350586 0.997656 0.351562 0.997656 0.353516 0.999219 0.354492 0.998437 0.359375 0.998437 0.362305 0.998437 0.453125 0.998437 0.457031 0.997656 0.461914 0.998437 0.703125 0.996875 0.705078 0.998437 0.707031 0.997656 0.736328 0.997656 0.845703 0.998437 0.851562 0.998437 0.854492 0.999219 0.874023 0.997656 0.875000 0.998437 0.904297 0.999219 0.995117 0.996094 0.995117 0.995313 0.996094 0.991406 0.996094 0.984375 0.995117 0.928125 0.995117 0.923438 0.995117 0.807813 0.995117 0.802344 0.995117 0.746875 0.995117 0.743750 0.995117 0.625781 0.995117 0.620313 0.995117 0.567187 0.995117 0.562500 0.995117 0.506250 0.995117 0.503906 0.995117 0.487500 0.995117 0.483594 0.995117 0.472656 0.995117 0.469531 0.995117 0.457031 0.995117 0.454688 0.995117 0.444531 0.995117 0.440625 0.995117 0.385156 0.995117 0.376563 0.995117 0.325000 0.995117 0.320312 0.995117 0.267969 0.995117 0.258594 0.995117 0.207813 0.995117 0.199219 0.995117 0.182812 0.996094 0.175000 0.995117 0.174219 0.994141 0.171875 0.994141 0.171875 0.988281 0.171094 0.983398 0.170313 0.981445 0.167969 0.978516 0.165625 0.977539 0.164844 0.975586 0.164062 0.972656 0.164062 0.968750 0.161719 0.959961 0.160938 0.958008 0.160156 0.956055 0.157031 0.951172 0.157031 0.948242 0.154688 0.941406 0.153906 0.939453 0.149219 0.933594 0.147656 0.928711 0.145313 0.925781 0.144531 0.925781 0.142969 0.923828 0.142187 0.920898 0.139844 0.916992 0.134375 0.910156 0.131250 0.906250 0.126562 0.903320 0.124219 0.901367 0.122656 0.898438 0.121094 0.897461 0.119531 0.897461 0.116406 0.893555 0.114844 0.892578 0.113281 0.891602 0.106250 0.887695 0.102344 0.886719 0.098437 0.883789 0.096094 0.883789 0.093750 0.881836 0.089063 0.880859 0.086719 0.878906 0.084375 0.877930 0.080469 0.876953 0.074219 0.875977 0.047656 0.875977 0.044531 0.877930 0.037500 0.877930 0.035156 0.878906 0.032813 0.879883 0.031250 0.881836 0.028906 0.882812 0.025781 0.882812 0.020313 0.885742 0.017188 0.885742 0.014063 0.888672 0.005469 0.888672 0.003906 0.886719 0.003125 0.884766 0.003125 0.882812 0.002344 0.880859 0.000000 0.877930 0.000000 0.492188 0.002344 0.490234 0.003125 0.488281 0.003125 0.486328 0.006250 0.482422 0.009375 0.479492 0.012500 0.479492 0.013281 0.475586 0.014063 0.472656 0.014844 0.470703 0.015625 0.468750 0.018750 0.466797 0.021094 0.466797 0.022656 0.465820 0.025000 0.462891 0.028906 0.461914 0.031250 0.456055 0.032813 0.454102 0.035156 0.453125 0.037500 0.453125 0.039844 0.452148 0.042188 0.451172 0.045312 0.447266 0.046094 0.442383 0.046094 0.437500 0.045312 0.431641 0.042969 0.428711 0.039844 0.425781 0.038281 0.424805 0.035156 0.424805 0.033594 0.425781 0.031250 0.428711 0.028906 0.430664 0.021094 0.435547 0.017969 0.435547 0.014063 0.438477 0.010156 0.439453 0.006250 0.439453 0.002344 0.441406 0.000000 0.441406 0.000000 0.363281 0.001563 0.363281 0.003906 0.360352 0.006250 0.359375 0.009375 0.358398 0.012500 0.357422 0.027344 0.357422 0.028906 0.356445 0.031250 0.353516 0.031250 0.351562 0.032031 0.349609 0.033594 0.347656 0.035937 0.347656 0.038281 0.345703 0.041406 0.344727 0.050781 0.344727 0.066406 0.341797 0.075781 0.341797 0.078906 0.339844 0.084375 0.339844 0.086719 0.337891 0.092969 0.337891 0.095312 0.335938 0.100781 0.335938 0.106250 0.334961 0.110156 0.332031 0.112500 0.331055 0.115625 0.330078 0.119531 0.329102 0.148438 0.329102 0.163281 0.328125 0.167187 0.326172 0.171094 0.326172 0.171875 0.327148 0.175781 0.327148 0.178125 0.326172 0.180469 0.322266 0.184375 0.323242 0.185938 0.321289 0.188281 0.316406 0.188281 0.314453 0.189844 0.313477 0.194531 0.313477 0.200781 0.310547 0.203906 0.311523 0.205469 0.310547 0.206250 0.310547 0.205469 0.306641 0.209375 0.306641 0.211719 0.304688 0.214062 0.303711 0.214062 0.300781 0.213281 0.300781 0.211719 0.298828 0.214844 0.297852 0.216406 0.295898 0.217188 0.293945 0.217969 0.288086 0.220312 0.282227 0.220312 0.275391 0.219531 0.273438 0.217188 0.268555 0.215625 0.266602 0.214062 0.265625 0.212500 0.265625 0.208594 0.262695 0.206250 0.260742 0.204687 0.258789 0.202344 0.254883 0.201563 0.253906 0.199219 0.250977 0.195312 0.249023 0.192969 0.248047 0.186719 0.247070 0.178906 0.243164 0.174219 0.243164 0.171875 0.241211 0.167187 0.240234 0.170313 0.229492 0.167969 0.226562 0.167187 0.228516 0.164844 0.228516 0.163281 0.224609 0.164844 0.221680 0.167187 0.220703 0.158594 0.219727 0.157031 0.221680 0.156250 0.228516 0.156250 0.231445 0.157812 0.233398 0.161719 0.230469 0.163281 0.230469 0.164844 0.228516 0.167187 0.228516 0.170313 0.229492 0.167187 0.240234 0.160938 0.240234 0.157812 0.242188 0.153906 0.242188 0.150781 0.244141 0.147656 0.244141 0.145313 0.242188 0.140625 0.247070 0.139063 0.248047 0.134375 0.248047 0.131250 0.249023 0.129688 0.250000 0.128906 0.250977 0.128125 0.250000 0.129688 0.247070 0.132031 0.246094 0.132812 0.245117 0.133594 0.243164 0.133594 0.236328 0.132031 0.234375 0.129688 0.234375 0.130469 0.230469 0.132031 0.228516 0.130469 0.225586 0.128906 0.227539 0.130469 0.230469 0.129688 0.234375 0.125781 0.239258 0.125000 0.245117 0.125000 0.248047 0.126562 0.250000 0.128125 0.250000 0.128906 0.250977 0.128906 0.251953 0.125000 0.256836 0.122656 0.257812 0.121094 0.259766 0.122656 0.260742 0.123438 0.262695 0.121094 0.263672 0.117969 0.258789 0.117188 0.257812 0.116406 0.257812 0.114844 0.255859 0.113281 0.255859 0.111719 0.257812 0.111719 0.258789 0.109375 0.259766 0.107813 0.261719 0.107813 0.263672 0.106250 0.263672 0.103906 0.260742 0.102344 0.261719 0.101562 0.264648 0.100000 0.265625 0.096875 0.266602 0.095312 0.267578 0.092969 0.271484 0.091406 0.272461 0.087500 0.272461 0.088281 0.268555 0.091406 0.265625 0.094531 0.259766 0.096875 0.258789 0.100781 0.253906 0.101562 0.251953 0.102344 0.245117 0.103125 0.238281 0.103906 0.237305 0.103906 0.235352 0.102344 0.231445 0.102344 0.225586 0.101562 0.220703 0.100781 0.217773 0.099219 0.215820 0.099219 0.213867 0.098437 0.211914 0.097656 0.210938 0.093750 0.206055 0.091406 0.203125 0.086719 0.198242 0.085938 0.196289 0.086719 0.192383 0.087500 0.189453 0.092188 0.187500 0.094531 0.184570 0.094531 0.169922 0.095312 0.167969 0.096875 0.166992
0 0.111719 0.165039 0.110156 0.166016 0.107031 0.169922 0.107813 0.171875 0.114844 0.172852 0.125781 0.172852 0.129688 0.172852 0.167187 0.170898 0.170313 0.170898 0.172656 0.172852 0.180469 0.172852 0.181250 0.171875 0.184375 0.171875 0.183594 0.168945 0.181250 0.167969 0.175000 0.166992 0.168750 0.166992 0.166406 0.165039 0.156250 0.165039 0.146875 0.166016 0.143750 0.167969 0.141406 0.167969 0.135937 0.165039 0.132031 0.165039 0.125000 0.166992 0.122656 0.166992 0.120313 0.165039 0.111719 0.165039
0 0.134375 0.122070 0.135937 0.122070 0.136719 0.123047 0.138281 0.123047 0.137500 0.120117 0.134375 0.122070
0 0.135156 0.116211 0.137500 0.116211 0.137500 0.114258 0.135156 0.116211
0 0.134375 0.104492 0.132031 0.107422 0.133594 0.108398 0.138281 0.108398 0.137500 0.104492 0.134375 0.104492
0 0.133594 0.099609 0.135937 0.100586 0.137500 0.098633 0.133594 0.099609
0 0.852344 0.096680 0.853906 0.099609 0.853906 0.103516 0.856250 0.101562 0.857812 0.101562 0.859375 0.100586 0.860938 0.097656 0.861719 0.097656 0.863281 0.095703 0.852344 0.096680
0 0.935156 0.091797 0.939844 0.093750 0.942969 0.093750 0.946094 0.091797 0.951562 0.091797 0.957031 0.093750 0.958594 0.093750 0.963281 0.091797 0.965625 0.091797 0.973437 0.093750 0.977344 0.091797 0.982031 0.091797 0.992969 0.091797 0.994531 0.091797 0.996094 0.093750 0.996094 0.095703 0.999219 0.098633 0.996875 0.100586 0.996875 0.101562 0.997656 0.105469 0.999219 0.105469 0.999219 0.108398 0.996875 0.110352 0.999219 0.117188 0.996875 0.118164 0.998437 0.120117 0.999219 0.154297 0.996094 0.154297 0.995313 0.155273 0.973437 0.154297 0.968750 0.154297 0.960156 0.155273 0.950000 0.138672 0.951562 0.136719 0.951562 0.133789 0.947656 0.132812 0.947656 0.135742 0.948438 0.135742 0.949219 0.136719 0.950000 0.138672 0.960156 0.155273 0.932031 0.153320 0.929688 0.153320 0.928906 0.154297 0.926562 0.154297 0.925781 0.153320 0.922656 0.153320 0.907031 0.155273 0.900000 0.155273 0.899219 0.152344 0.900000 0.151367 0.900781 0.147461 0.900000 0.139648 0.900781 0.134766 0.900000 0.124023 0.900781 0.111328 0.902344 0.106445 0.904687 0.103516 0.904687 0.099609 0.905469 0.096680 0.906250 0.094727 0.907813 0.093750 0.914844 0.092773 0.925000 0.093750 0.927344 0.093750 0.931250 0.091797 0.935156 0.091797
0 0.586719 0.079102 0.578906 0.080078 0.577344 0.083008 0.577344 0.090820 0.575781 0.099609 0.575781 0.113281 0.575781 0.115234 0.576562 0.123047 0.575781 0.127930 0.574219 0.129883 0.576562 0.132812 0.577344 0.141602 0.576562 0.145508 0.578125 0.146484 0.601562 0.145508 0.603906 0.145508 0.625000 0.146484 0.634375 0.144531 0.637500 0.146484 0.639062 0.146484 0.641406 0.144531 0.643750 0.144531 0.648438 0.144531 0.650781 0.144531 0.653125 0.146484 0.655469 0.146484 0.665625 0.145508 0.683594 0.147461 0.685937 0.147461 0.689844 0.145508 0.703125 0.146484 0.704688 0.144531 0.706250 0.144531 0.713281 0.146484 0.721094 0.145508 0.734375 0.146484 0.735156 0.145508 0.735938 0.143555 0.737500 0.141602 0.740625 0.142578 0.740625 0.145508 0.742188 0.146484 0.746875 0.147461 0.748437 0.147461 0.752344 0.145508 0.753906 0.145508 0.759375 0.147461 0.764844 0.147461 0.766406 0.145508 0.767188 0.142578 0.771875 0.141602 0.772656 0.143555 0.775000 0.144531 0.776563 0.146484 0.781250 0.147461 0.782813 0.149414 0.785156 0.147461 0.790625 0.147461 0.796094 0.146484 0.797656 0.145508 0.798438 0.141602 0.796875 0.135742 0.796875 0.124023 0.798438 0.115234 0.798438 0.111328 0.798438 0.107422 0.796875 0.103516 0.796875 0.095703 0.796094 0.093750 0.778125 0.092773 0.771094 0.096680 0.769531 0.096680 0.768750 0.095703 0.767188 0.095703 0.764844 0.097656 0.760938 0.097656 0.759375 0.096680 0.757812 0.095703 0.751563 0.087891 0.749219 0.090820 0.747656 0.091797 0.742188 0.092773 0.735156 0.092773 0.732812 0.089844 0.730469 0.089844 0.727344 0.090820 0.725781 0.092773 0.723437 0.093750 0.717187 0.094727 0.707031 0.094727 0.702344 0.093750 0.696875 0.090820 0.693750 0.090820 0.691406 0.088867 0.687500 0.088867 0.685937 0.090820 0.683594 0.090820 0.681250 0.087891 0.675000 0.086914 0.672656 0.086914 0.670312 0.089844 0.665625 0.088867 0.665625 0.086914 0.663281 0.083984 0.661719 0.083984 0.660937 0.083008 0.658594 0.083984 0.640625 0.083008 0.627344 0.081055 0.625781 0.081055 0.614062 0.082031 0.607031 0.080078 0.588281 0.079102 0.586719 0.079102
0 0.540625 0.079102 0.539844 0.080078 0.537500 0.080078 0.532031 0.083984 0.528906 0.083984 0.526563 0.084961 0.525000 0.085938 0.523438 0.086914 0.521094 0.089844 0.517188 0.089844 0.515625 0.091797 0.514844 0.091797 0.513281 0.095703 0.513281 0.102539 0.509375 0.107422 0.507031 0.108398 0.502344 0.110352 0.499219 0.111328 0.492969 0.112305 0.485938 0.115234 0.482031 0.118164 0.479687 0.119141 0.474219 0.121094 0.455469 0.121094 0.451562 0.119141 0.447656 0.119141 0.443750 0.118164 0.441406 0.117188 0.439063 0.116211 0.435156 0.111328 0.433594 0.110352 0.432031 0.109375 0.426563 0.108398 0.419531 0.108398 0.417187 0.110352 0.417969 0.112305 0.417969 0.114258 0.421094 0.118164 0.421875 0.123047 0.423438 0.125000 0.428906 0.130859 0.429688 0.132812 0.430469 0.135742 0.431250 0.138672 0.432031 0.142578 0.432031 0.147461 0.431250 0.152344 0.430469 0.154297 0.428125 0.159180 0.426563 0.161133 0.424219 0.163086 0.422656 0.163086 0.418750 0.166992 0.416406 0.166992 0.412500 0.169922 0.407813 0.169922 0.402344 0.172852 0.398438 0.172852 0.396875 0.173828 0.392188 0.181641 0.396875 0.185547 0.398438 0.187500 0.399219 0.189453 0.400000 0.192383 0.400781 0.195312 0.401562 0.206055 0.400781 0.218750 0.400781 0.220703 0.401562 0.229492 0.402344 0.234375 0.403906 0.237305 0.403906 0.240234 0.405469 0.245117 0.406250 0.248047 0.408594 0.250977 0.414062 0.256836 0.415625 0.261719 0.418750 0.265625 0.421094 0.264648 0.421875 0.261719 0.425781 0.256836 0.428906 0.254883 0.435156 0.250977 0.440625 0.250000 0.443750 0.250000 0.444531 0.250977 0.448437 0.250977 0.450781 0.253906 0.455469 0.262695 0.458594 0.269531 0.459375 0.271484 0.460156 0.274414 0.460938 0.282227 0.460938 0.295898 0.459375 0.299805 0.457813 0.301758 0.455469 0.303711 0.453906 0.304688 0.451562 0.305664 0.449219 0.306641 0.446094 0.306641 0.443750 0.308594 0.440625 0.308594 0.437500 0.307617 0.434375 0.303711 0.431250 0.303711 0.431250 0.310547 0.432031 0.314453 0.434375 0.318359 0.435156 0.320312 0.435156 0.324219 0.435937 0.327148 0.437500 0.329102 0.438281 0.332031 0.439063 0.336914 0.444531 0.350586 0.446875 0.361328 0.450781 0.370117 0.453906 0.383789 0.456250 0.389648 0.460156 0.397461 0.462500 0.407227 0.463281 0.409180 0.465625 0.412109 0.467187 0.415039 0.467187 0.416992 0.469531 0.419922 0.473438 0.420898 0.482031 0.420898 0.490625 0.419922 0.496875 0.418945 0.500781 0.413086 0.502344 0.411133 0.503906 0.410156 0.506250 0.409180 0.515625 0.409180 0.525781 0.414062 0.532031 0.415039 0.559375 0.415039 0.561719 0.414062 0.564844 0.410156 0.567187 0.408203 0.569531 0.406250 0.575000 0.403320 0.576562 0.401367 0.579688 0.396484 0.582031 0.395508 0.582812 0.394531 0.585156 0.390625 0.589063 0.388672 0.590625 0.386719 0.591406 0.383789 0.593750 0.376953 0.595313 0.375000 0.599219 0.373047 0.603125 0.368164 0.606250 0.366211 0.610938 0.360352 0.614844 0.358398 0.619531 0.352539 0.623437 0.350586 0.625781 0.346680 0.626563 0.345703 0.628125 0.344727 0.630469 0.343750 0.632031 0.341797 0.632812 0.341797 0.633594 0.340820 0.635938 0.336914 0.636719 0.336914 0.639062 0.333984 0.639062 0.332031 0.639844 0.330078 0.642969 0.326172 0.644531 0.325195 0.646094 0.324219 0.648438 0.323242 0.650781 0.323242 0.653125 0.325195 0.654687 0.325195 0.659375 0.320312 0.663281 0.318359 0.666406 0.314453 0.671875 0.311523 0.675781 0.308594 0.679688 0.303711 0.682031 0.301758 0.683594 0.301758 0.689844 0.293945 0.692187 0.292969 0.696094 0.288086 0.698438 0.286133 0.700000 0.286133 0.704688 0.280273 0.708594 0.278320 0.713281 0.272461 0.714844 0.271484 0.716406 0.271484 0.717969 0.269531 0.720313 0.265625 0.722656 0.264648 0.724219 0.263672 0.725000 0.262695 0.728125 0.257812 0.732031 0.255859 0.733594 0.253906 0.733594 0.252930 0.735938 0.250000 0.739844 0.248047 0.743750 0.243164 0.746875 0.241211 0.748437 0.239258 0.749219 0.237305 0.750781 0.232422 0.750781 0.229492 0.750000 0.221680 0.749219 0.214844 0.747656 0.211914 0.747656 0.208008 0.745313 0.202148 0.742969 0.201172 0.739844 0.198242 0.735938 0.193359 0.731250 0.192383 0.726562 0.191406 0.717969 0.191406 0.713281 0.189453 0.710938 0.189453 0.710156 0.190430 0.707812 0.190430 0.698438 0.188477 0.684375 0.187500 0.654687 0.186523 0.646094 0.187500 0.641406 0.187500 0.608594 0.185547 0.596875 0.186523 0.595313 0.186523 0.578906 0.186523 0.575000 0.185547 0.572656 0.186523 0.571094 0.187500 0.570312 0.188477 0.569531 0.190430 0.569531 0.194336 0.568750 0.197266 0.567187 0.199219 0.567187 0.203125 0.566406 0.206055 0.564063 0.211914 0.562500 0.213867 0.560156 0.215820 0.557031 0.215820 0.550781 0.214844 0.549219 0.213867 0.548438 0.212891 0.547656 0.210938 0.547656 0.188477 0.546875 0.183594 0.544531 0.177734 0.544531 0.172852 0.543750 0.170898 0.542188 0.170898 0.541406 0.166992 0.541406 0.165039 0.542969 0.162109 0.542969 0.158203 0.544531 0.155273 0.544531 0.148438 0.546875 0.141602 0.547656 0.132812 0.547656 0.100586 0.549219 0.090820 0.546875 0.083008 0.546094 0.081055 0.542969 0.080078 0.542188 0.079102 0.540625 0.079102
0 0.075000 0.037109 0.075000 0.040039 0.076563 0.041992 0.078906 0.042969 0.081250 0.045898 0.085156 0.045898 0.087500 0.043945 0.089063 0.043945 0.089844 0.044922 0.096875 0.046875 0.101562 0.047852 0.109375 0.047852 0.106250 0.060547 0.103125 0.061523 0.093750 0.061523 0.092969 0.063477 0.092188 0.066406 0.092188 0.072266 0.092969 0.074219 0.093750 0.076172 0.094531 0.077148 0.096094 0.078125 0.097656 0.079102 0.107813 0.079102 0.110156 0.076172 0.110156 0.066406 0.109375 0.062500 0.106250 0.060547 0.109375 0.047852 0.116406 0.050781 0.123438 0.050781 0.128125 0.051758 0.129688 0.052734 0.128125 0.055664 0.134375 0.057617 0.137500 0.059570 0.141406 0.058594 0.142969 0.059570 0.144531 0.064453 0.143750 0.068359 0.145313 0.070312 0.147656 0.068359 0.147656 0.067383 0.149219 0.065430 0.152344 0.064453 0.153906 0.068359 0.151562 0.071289 0.151562 0.075195 0.149219 0.075195 0.148438 0.076172 0.143750 0.075195 0.141406 0.075195 0.139844 0.076172 0.139063 0.077148 0.138281 0.079102 0.135156 0.081055 0.132812 0.078125 0.131250 0.080078 0.135156 0.081055 0.138281 0.079102 0.137500 0.086914 0.139063 0.090820 0.137500 0.093750 0.127344 0.091797 0.128906 0.087891 0.131250 0.088867 0.132812 0.086914 0.131250 0.084961 0.129688 0.084961 0.128906 0.087891 0.127344 0.091797 0.125000 0.100586 0.124219 0.110352 0.125000 0.117188 0.125000 0.119141 0.124219 0.123047 0.097656 0.123047 0.096094 0.122070 0.094531 0.120117 0.094531 0.117188 0.099219 0.117188 0.100781 0.115234 0.101562 0.112305 0.103125 0.111328 0.106250 0.111328 0.107031 0.107422 0.108594 0.105469 0.109375 0.102539 0.108594 0.093750 0.107031 0.092773 0.096875 0.092773 0.092969 0.097656 0.092969 0.103516 0.094531 0.107422 0.092969 0.108398 0.078906 0.108398 0.077344 0.109375 0.078125 0.115234 0.076563 0.116211 0.072656 0.117188 0.070312 0.116211 0.069531 0.114258 0.072656 0.112305 0.063281 0.109375 0.060937 0.111328 0.058594 0.111328 0.057813 0.112305 0.056250 0.112305 0.053906 0.110352 0.050781 0.110352 0.049219 0.111328 0.045312 0.116211 0.043750 0.116211 0.042188 0.118164 0.038281 0.118164 0.036719 0.115234 0.034375 0.118164 0.032031 0.119141 0.030469 0.121094 0.030469 0.122070 0.025000 0.123047 0.022656 0.122070 0.024219 0.120117 0.025000 0.116211 0.025000 0.110352 0.023438 0.107422 0.023438 0.103516 0.025000 0.099609 0.025781 0.095703 0.027344 0.094727 0.028906 0.094727 0.030469 0.092773 0.031250 0.090820 0.032031 0.081055 0.032813 0.079102 0.036719 0.078125 0.040625 0.075195 0.044531 0.074219 0.046094 0.072266 0.046094 0.067383 0.046875 0.064453 0.047656 0.062500 0.050781 0.060547 0.053125 0.059570 0.055469 0.058594 0.059375 0.058594 0.067187 0.066406 0.067187 0.069336 0.069531 0.070312 0.071875 0.073242 0.073438 0.068359 0.071875 0.066406 0.067187 0.066406 0.059375 0.058594 0.060937 0.056641 0.060937 0.049805 0.061719 0.047852 0.064062 0.045898 0.067187 0.045898 0.070312 0.044922 0.073438 0.041016 0.071875 0.039062 0.072656 0.036133 0.075000 0.037109
0 0.178906 0.037109 0.180469 0.039062 0.182812 0.039062 0.184375 0.037109 0.182812 0.036133 0.182031 0.035156 0.178906 0.037109
0 0.165625 0.020508 0.166406 0.025391 0.164062 0.028320 0.162500 0.033203 0.161719 0.036133 0.164062 0.039062 0.164844 0.041016 0.161719 0.043945 0.170313 0.043945 0.170313 0.041016 0.172656 0.038086 0.173437 0.035156 0.173437 0.033203 0.170313 0.030273 0.169531 0.023438 0.168750 0.021484 0.165625 0.020508
